thope6,"Hope, Taylor",95,99,137,198,100,,100,97,435,99.84,1.04,A
mschauer3,"Schauer, Matthew",92,95,144,196,90,,100,93.5,430,97.93,1.01,A
plucas6,"Lucas, Patrick",92,97,117,189,100,,90,94.5,406,94.44,0.98,A
ehuang3,"Huang, Eric",82,90,137,196,100,,100,86,433,96.03,0.97,A
skim462,"Kim, Sam",80,94,138,196,85,,100,87,419,94.12,0.97,A
mfong8,"Fong, Man",86,86,138,195,100,,100,86,433,96.03,0.97,A
jstowe3,"Stowe, Joseph",88,89,135,181,83,,100,88.5,399,91.42,0.96,A
csmith330,"Smith, Cameron",88,90,131,168,85,,100,89,384,89.2,0.96,A
nrobert3,"Robert, Naomi",90,83,137,162,100,,100,86.5,399,90.79,0.95,A
jmoore75,"Moore, James",91,84,129,195,83,,90,87.5,407,92.38,0.94,A
rashcraft3,"Ashcraft, Ryan",85,84,138,189,100,,90,84.5,427,94.6,0.93,A
jlewis46,"Lewis, Jason",84,83,106,194,99,,100,83.5,399,89.84,0.93,A
dzhou40,"Zhou, Dennis",80,86,135,188,100,,90,83,423,93.49,0.92,A
mgoodrich3,"Goodrich, Michael",83,84,118,174,91,,100,83.5,383,87.3,0.92,A
dsaksena3,"Saksena, Dhruv",66,90,140,193,93,,100,78,426,92.38,0.92,A
bturk3,"Turk, Brian",78,83,125,190,90,,100,80.5,405,89.84,0.92,A
ajain93,"Jain, Apurv",76,89,122,156,100,,100,82.5,378,86.19,0.92,A
cwisdom3,"Chen, Wisdom",73,83,136,191,100,,100,78,427,92.53,0.92,A
tgupta30,"Gupta, Toshant",78,85,129,166,89,,100,81.5,384,86.82,0.91,A
wkurkian3,"Kurkian, William",86,92,136,116,85,,90,89,337,81.74,0.91,A
yneo3,"Neo, Yong Kwang Sunny",84,78,130,175,85,,100,81,390,87.61,0.91,A
cstewart39,"Stewart, Chad",78,88,131,184,80,,90,83,395,89.04,0.91,A
rplatts3,"Platts, Richard",73,90,83,176,100,,100,81.5,359,82.85,0.90,A
muygur3,"Uygur, Mehmet",86,74,107,181,100,,100,80,388,86.98,0.90,A
amarvel3,"Marvel, Alan",84,87,95,129,85,,100,85.5,309,76.19,0.90,A
ameloan3,"Meloan, Andrew",67,84,135,187,85,,100,75.5,407,88.57,0.89,A
dblack7,"Black, Douglas",79,90,71,143,95,,100,84.5,309,75.87,0.89,A
dhull6,"Hull, Daniel",58,87,140,182,100,,100,72.5,422,90,0.89,A
gtg686h,"Mallard, Jerad",83,84,133,117,100,,90,83.5,350,82.06,0.89,A
adehn3,"Dehn, Andrew",75,82,126,186,90,,90,78.5,402,89.62,0.89,A
mparangot3,"Parangot, Matthew",67,78,129,196,98,,100,72.5,423,90.15,0.88,A
aszaruga6,"Szaruga, Adam",82,81,106,113,100,,100,81.5,319,76.5,0.88,A
knelson6,"Nelson, Kurtis",87,91,94,50,89,,100,89,233,65.23,0.87,A
pdewey3,"Dewey, Paul",70,78,136,168,90,,100,74,394,86.03,0.87,A
hsmith41,"Smith, Henry",72,89,97,129,90,,100,80.5,316,75.71,0.87,A
lstubbs3,"Stubbs, Luke",78,81,98,152,83,,100,79.5,333,78.09,0.87,A
jzeder3,"Zeder, Joshua",70,86,114,144,78,,100,78,336,78.09,0.87,A
jzuerndorfer3,"Zuerndorfer, Jay",79,87,125,65,95,,100,83,285,71.58,0.87,A
upandey3,"Pandey, Utkarsh",75,76,94,175,100,,100,75.5,369,82.53,0.87,A
uvaidya3,"Vaidya, Utkarsh",71,79,102,162,100,,100,75,364,81.58,0.86,A
vkhamarmer3,"Khamarmer, Vladislav",77,78,122,130,80,,100,77.5,332,77.3,0.86,A
eperez30,"Perez, Eduardo",65,90,116,117,85,,100,77.5,318,75.07,0.86,A
nrodine3,"Rodine, Nicholas",75,74,122,167,70,,100,74.5,359,80.63,0.85,A
tmartin9,"Martin, Timothy",75,79,89,175,100,,90,77,364,82.22,0.85,A
asomani7,"Somani, Aziz",80,62,135,176,93,,100,71,404,86.66,0.85,A
wdye3,"Dye, William",78,79,121,83,87,,100,78.5,291,71.11,0.84,A
bvanslyke3,"VanSlyke, Bradley",67,71,97,188,100,,100,69,385,83.01,0.84,B
bmin30,"Min, Byung",73,61,122,179,100,,100,67,401,84.92,0.83,B
mhawkins7,"Hawkins, Matthew",77,90,12,99,82,,100,83.5,193,57.14,0.82,B
cswain7,"Swain, Cassidy",65,72,112,188,95,,90,68.5,395,84.44,0.82,A
dfbc3,"Bernal, David",75,78,125,97,47,,100,76.5,269,66.98,0.82,B
cadams32,"Adams, Christopher",76,71,112,97,93,,100,73.5,302,71.26,0.82,B
lwang93,"Wang, Leshi",64,69,125,185,96,,90,66.5,406,85.55,0.81,B
wwright9,"Wright, William",68,72,86,151,95,,100,70,332,74.92,0.81,B
jmoore64,"Moore, James",74,83,134,73,92,,80,78.5,299,72.38,0.81,B
mzaimov3,"Zaimov, Marin",67,91,18,105,88,,100,79,211,58.57,0.81,B
mhill34,"Hill, Marc Chace",64,68,110,180,92,,90,66,382,81.58,0.80,B
ddudley6,"Dudley, David",66,81,77,100,78,,100,73.5,255,63.8,0.80,B
mmiller89,"Miller, Michael",64,76,80,111,77,,100,70,268,64.76,0.78,B
tholden6,"Holden, Taylor",74,72,77,85,78,,100,73,240,61.26,0.78,B
cjeon9,"Jeon, Chan",68,59,104,172,72,,100,63.5,348,75.39,0.78,B
smiller48,"Miller, Sarah",70,66,99,98,98,,100,68,295,68.41,0.78,B
ychia8,"Chia, Yan An",70,71,120,96,47,,100,70.5,263,64.12,0.78,B
jpansini3,"Pansini, Jeffrey",65,72,111,76,83,,100,68.5,270,64.6,0.77,C
gdabdoub3,"Dabdoub, Gabino",70,88,0,95,50,,100,79,145,48.09,0.77,C
klawler6,"Lawler, Kenneth",59,70,112,142,52,,100,64.5,306,69.04,0.77,C
epurcell3,"Purcell, Edward",87,83,56,64,,,90,85,120,54.71,0.77,C
joh48,"Oh, Joseph",54,61,108,153,94,,100,57.5,355,74.6,0.75,C
jbrown72,"Brown, Jeremy",79,75,122,20,0,,100,77,142,46.98,0.75,B
cwei33,"Wei, Chen",66,71,119,145,,,90,68.5,264,75.66,0.75,C
avillasenor3,"Villasenor, Amy",61,66,116,94,98,,90,63.5,308,69.04,0.74,B
pquick3,"Quick, Peter",65,83,90,40,85,,80,74,215,57.61,0.74,C
bsills3,"Sills, Bryan",75,80,54,15,,,100,77.5,69,42.26,0.71,C
pchaganti3,"Chaganti, Pushkara",56,58,107,124,100,,90,57,331,70.63,0.71,B
ptelford3,"Telford, Paul",51,62,119,79,96,,90,56.5,294,64.6,0.69,B
cli365,"Li, Can",38,67,65,124,72,,100,52.5,261,58.09,0.67,C
kho8,"Ho, Khoadang",49,50,106,86,86,,100,49.5,278,59.84,0.66,C
tross32,"Ross, Tyler",59,60,100,63,28,,90,59.5,191,49.2,0.65,C
wchung8,"Chung, Wontaek",44,56,75,89,38,,100,50,202,47.93,0.62,C
gmitchell31,"Mitchell, Gregory",90,79,85,100,,,0,84.5,185,66.79,0.62,C
crush3,"Rush, Brooke",70,77,84,122,42,,0,73.5,248,62.69,0.59,C
oyang6,"Yang, Oudy",50,66,117,,,,0,58,117,70.6,0.42,F
tdurning3,"Durning, Todd",66,,0,,,,0,33,0,27.5,0.18,F
